body,actor,postID,likes,time,class,absTime,updateTime
Let's dominate this season!,alex_bball,1,23,-179:30:00,,,
Good energy Casey! Keep pushing,morgan_23,2,12,-164:30:00,,,
Team chemistry is everything!,riley_bball,3,8,-149:30:00,,,
Their matcha latte is incredible,devon_hoops,4,5,-134:30:00,,,
Adding this to my weekend list,ty_hoops17,4,3,-134:00:00,,,
What character set did you play?,devon_hoops,7,4,-74:30:00,,,
Jealous! Family time is the best,morgan_23,8,6,-44:30:00,,,